Circle[centerX=226.0, centerY=245.0, radius=50.0, fill=0x000000ff]
Polygon[points=[587.0, 106.0, 517.9016994374947, 201.10565162951536, 406.0983005625053, 164.77852522924732, 406.09830056250524, 47.2214747707527, 517.9016994374947, 10.894348370484636], fill=0x000000ff]
Polygon[points=[305.0, 501.0, 455.0, 501.0, 541.6025403784439, 401.0, 391.6025403784439, 401.0], fill=0x000000ff]
Ellipse[centerX=111.0, centerY=473.0, radiusX=100.0, radiusY=50.0, fill=0x000000ff]
Polygon[points=[7.0, 195.0, 107.0, 195.0, 57.0, 45.0], fill=0x000000ff]
